






3
24
19
16
12
2
44
18
27
13
27
30
1
10
47
49
42
12
5
7
2
31
45
11
35
49
33
5
13
22
22
35
33
2
11
19
16
20
28
29
33
31
33
3
43
47
24
26
39
24
13
29
3
21
34
44
50
19
41
16
8
6
49
43
3
4
6
23
24
43
15
45
7
38
21
13
5
34
6
6
27
22
33
5
25
39
19
43
36
31
22
45
40
25
42
25
34
19
36
43
45
13
17
7
45
29
10
32
20
41
25
43
46
37
22
12
32
48
39
21
50
9
24
21
11
28
47
3
27
50
15
20
5
48
9
17
3
14
26
42
47
36
39
16
49
30
11
43
19
14
40
29
37
19
26
18
17
5
10
44
27
12
28
34
29
25
23
21
8
49
1
33
5
2
35
43
19
39
6
35
8
4
29
40
3
3
41
3
46
16
34
19
50
50
45
31
2
41
6
45
42
26
35
3
38
19
37
44
50
8
4
44
6
48
37
1
2
30
35
48
33
23
45
33
17
16
33
17
22
24
42
6
30
29
14
29
20
9
31
30
40
17
15
48
26
4
46
37
31
6
49
6
40
47
25
10
5
2
42
6
34
11
34
22
42
3
48
49
46
42
2
39
50
27
2
2
16
49
28
29
35
44
48
45
40
23
49
46
12
50
49
37
15
42
50
44
6
29
16
50
14
3
32
1
18
36
32
9
9
22
50
49
36
7
17
50
10
32
46
19
24
11
12
49
28
10
32
48
43
23
29
28
35
24
13
3
42
2
35
7
24
38
35
1
11
49
33
33
49
32
13
20
12
22
41
25
32
28
15
38
50
33
49
4
50
31
18
22
23
29
34
11
43
4
38
42
40
32
42
6
45
15
47
39
23
46
32
41
12
8
14
12
6
13
27
6
6
45
39
22
23
2
32
24
38
6
43
45
18
45
47
22
15
13
37
13
47
24
6
33
16
48
15
42
37
50
45
11
50
5
37
6
29
7
9
7
18
8
6
39
22
45
14
21
1
28
16
42
43
39
19
21
3
40
36
13
43
3
34
48
33
46
3
41
39
44
39
16
39
9
24
7
48
48
40
43
29
16
37
18
19
40
32
5
15
35
48
33
40
15
37
23
26
46
29
37
2
10
15
42
18
16
11
44
7
49
29
49
36
41
44
5
39
36
41
10
44
15
7
40
11
23
2
41
3
30
47
42
24
49
34
25
22
26
40
31
33
37
31
14
2
32
19
48
34
42
20
7
27
44
50
41
23
42
25
6
26
41
29
50
37
3
1
22
7
27
40
20
7
39
2
21
2
14
37
33
22
49
30
37
45
11
5
46
2
7
9
22
7
19
45
18
34
41
38
44
32
5
16
32
36
10
13
26
12
40
32
12
50
46
40
3
35
2
7
26
26
25
39
13
19
44
39
3
3
33
13
47
22
15
20
17
7
3
34
29
34
47
32
41
41
11
1
18
21
27
39
28
27
47
18
3
28
48
17
2
42
2
29
47
5
19
47
24
39
33
21
14
34
13
42
36
9
12
1
27
48
9
19
2
6
40
7
11
36
26
41
10
23
28
17
35
6
27
32
43
8
22
23
46
37
35
11
28
29
21
11
30
34
39
15
48
10
39
45
2
30
22
45
41
24
20
9
14
6
14
17
45
32
40
46
35
37
16
40
45
30
42
13
19
36
41
13
15
26
45
12
10
6
24
7
10
22
49
5
46
6
35
28
47
14
23
31
7
25
15
15
50
39
50
25
39
26
49
50
18
26
42
22
15
44
16
34
27
49
42
16
8
18
14
12
35
3
40
47
45
18
10
5
38
48
40
49
42
27
49
11
19
43
31
12
37
1
50
16
1
11
42
13
15
4
39
43
44
18
33
44
33
13
22
8
4
33
43
29
26
16
33
34
17
38
21
11
43
14
26
29
16
18
26
38
1
34
20
32
13
27
14
18
24
44
4
24
14
49
4
14
14
39
13
38
2
49
29
2
13
19
36
19
10
27
39
35
20
9
16
9
38
48
25
41
9
4
38
37
49
22
17
47
15
32
50
47
24
38
5
17
21
29
20
27
15
50
41
30
1
40
12
8
2
5
15
1
7
37
2
3
49
15
33
3
33
19
43
43
17
8
5
28
29
27
37
50
23
21
11
38
18
47
25
20
3
50
24
5
11
28
43
6
34
3
17
2
47
4
37
21
44
34
37
6
42
17
43
42
49
27
22
22
29
11
2
12
7
50
28
47
3
18
11
28
22
9
30
21
3
40
31
8
1